3
-27
1
17
9
1.2000000000000064
7.9
11
6.9
-1
17
17
15.200000000000003
9.300000000000002
4.400000000000006
3.700000000000003
-18.200000000000017
11
15.8
5.800000000000001
11.400000000000002
16
6
9.8
11.600000000000001
-3.8000000000000043
15
15.4
4.8000000000000025
14.300000000000002
17
15
0.5
6.900000000000004
13.8
9.100000000000003
13
11.200000000000003
1.7000000000000028
4.400000000000002
14
10.8
9.8
11
12
15.8
16.9
17
14
-7.000000000000014
7.300000000000006
16.9
16.9
13.9
14
17
11
15
15
0.5
11.200000000000003
14.700000000000001
13
12
16
11
17
10.100000000000003
16
15.1
14.400000000000002
17
9.9
16.9
14
11.400000000000002
16.7
9.8
12.9
9
16
17
15.9
11
17
13
18.7
17.8
13.7
15.9
16.9
15.8
18.9
15.4
15.5
11.700000000000001
12.5
6
13
14.9
11.9
-2
10
5.700000000000001
12
13.5
17
15.000000000000002
13
6
13.100000000000003
15
16
15.7
6.600000000000001
14
16
11.700000000000001
3
14.700000000000001
16.5
14.9
17
16.9
0
9
12.600000000000001
13.9
14
16
15
14.700000000000001
14
15.9
16.7
14
15.9
6.4
16
11
12
15
4.800000000000001
17
16.9
5
16.9
17
8.9
15.8
10.100000000000003
13.9
3.8000000000000007
14
14
14.700000000000001
2.999999999999986
14.700000000000001
15.8
11.700000000000001
10.500000000000002
12.7
1
12.700000000000001
12.0
13.7
6.200000000000005
13.5
16.7
14.7
8.600000000000003
15.9
16.9
16.9
13.6
14.5
14.3
15.9
16.7
16.8
16.7
13.6
-3.399999999999995
16.9
6.500000000000005
15.600000000000001
12.000000000000004
16.5
11.000000000000002
15.5
9.6
5.200000000000005
13.8
16.7
15.8
12.100000000000001
14.2
13.600000000000001
17.8
14.600000000000001
6.5
14.7
10.100000000000003
9.5
6.500000000000002
14.600000000000001
15.7
14.600000000000001
12.5
13.4
15.8
14.600000000000001
13.6
12.400000000000002
12.8
12.7
14.5
13.400000000000002
8.100000000000003
14.600000000000001
7.100000000000003
16.8
16.7
9.8
16.8
5.700000000000001
16.7
13.700000000000001
2.8000000000000007
14.8
17.8
15.8
15.9
16
8.9
-4.100000000000001
13
14
13
15.8
15.8
15.8
13.8
15.9
15.9
9.8
14.600000000000001
15.9
14.9
16.8
8.700000000000001
12
16
12.7
15.8
15.9
12.9
8.9
11.9
8.9
17.8
14.8
9.8
11.400000000000002
17.8
13.9
10.9
14
16
15
14
14.9
15.9
14
13.9
15
16
11.8
16.8
16.9
16
16.9
16
17.8
15.7
16.8
16.8
16.8
16
12
11.600000000000001
15
15.9
15
12
14
14.9
17.8
15.9
16
15.8
16.8
11.9
17.8
12
16
6.200000000000001
10.8
14
12
13
9
6
16.8
17.0
14
14
15
12.7
2
14
16.6
12
15.8
15.9
14.7
12
15.5
15
12
16
14
14
16
16
16
15.8
14.9
15
15.8
12
4
16
12
16
10
8
12
16
10
14
16
14
14
15
13
8
15
12
17
13
6
3.8999999999999986
14
12
7.9
13
15.9
4.9
16
12
16
13.9
15
16.9
12
11.8
12.9
17
17
14
12.9
12
14
13
10
17.9
3.8999999999999986
9.9
16.9
18.9
13.9
16.9
8.9
18.9
18
16
17
13
16
13.100000000000003
12
-5.199999999999996
17
16
17
12.9
10
16
15
10.700000000000001
18
17
11
18
16
12.9
14.9
18
18
6.9
16
12
17
11
14
17
13.500000000000002
15.899999999999999
18.9
16.9
16.9
18.7
16.8
16.9
3.3999999999999986
14.9
16.9
14.9
16.9
16.3
10.9
15.9
15.9
18.9
18.7
14.9
12.7
18.7
14.5
17.9
18.9
17.9
16.9
17.7
17.3
15.5
10.6
16.9
15.9
17.9
17.9
15.8
14.9
17.9
18.9
16.9
17.9
6.700000000000001
18.9
17.9
7.800000000000001
16.9
16.9
15.9
17.9
14.9
18.9
17.9
13.8
18.9
14.9
14.9
8.700000000000001
17.9
18.9
16.9
16.8
16.9
5.400000000000002
16.9
17.9
12.9
17.9
16.9
12.8
15.9
16.8
15.9
16.9
18.9
16.8
16.9
17.9
15.9
15.8
17.9
16.9
13.8
14.7
14.8
16.9
17.9
18.9
11.8
16.9
18.9
17.9
16.9
17.9
14.9
16.9
14.9
9.9
16.9
13.9
10.9
17.9
12.9
16.9
8.9
17.9
16.9
18.9
10.9
16.9
18.9
6.9
18.9
12.9
17.9
2.6000000000000014
17.9
18.9
16.9
16.9
17.9
7.9
18.9
16.9
16.9
16.9
18.9
15.6
17.9
16.9
16.9
11.8
15.8
16.8
15.299999999999999
16.9
14.299999999999999
16.9
18.9
18.9
15.299999999999999
17.9
17.9
14.8
15.8
10.7
18.9
18.9
13.0
18.9
17.9
15.8
17.9
17.9
11.400000000000004
12.8
18.9
16.9
17.8
17.7
12.9
17.9
17.9
14.5
17.9
18.7
10.600000000000001
18.7
12.4
9.6
17.9
17.7
18.3
13.299999999999999
17.9
17.9
18.7
18.7
16.7
16.799999999999997
16.0
18.3
12.6
4.5
10.8
18.9
17.3
12.8
18.099999999999998
10.7
16.9
18.9
16.599999999999998
17.4
13.9
18.9
17.9
7.6
9.5
11.7
16.9
18.9
16.3
15.8
18.9
16.7
16.9
16.9
18.5
16.9
11.299999999999999
17.9
16.9
16.9
7.800000000000001
17.7
16.9
16.9
1.3000000000000007
16.9
17.9
16.9
10.9
16.9
15.6
-2.3000000000000007
17.9
10.7
15.9
11.299999999999999
17.7
16.7
17.9
5.9000000000000075
8.5
17.9
12.700000000000001
14.9
18.9
16.7
18.7
18.9
13.9
13.9
11.9
11.1
16.7
15.5
14.9
13.9
16.5
13.500000000000002
17.9
16
16
16
16
10
16
12
18
17.9
18.9
16.4
17.9
13.8
16.8
13.9
16.8
5.600000000000001
16.9
17.9
16.8
10.9
15.8
13.8
17.9
17.9
18
12.8
16.7
17.9
16.9
16.9
15.9
16.9
15.9
15.8
15.8
16.9
18.9
16.9
16.9
17.9
16.9
18.9
5.699999999999999
17.9
16.9
15.9
15.9
17.9
14.9
18.7
17.9
17.5
16.9
17.9
18.9
16.9
17.9
13.9
17.9
15.299999999999999
11.0
11.9
17.9
17.7
17.9
18.5
16.7
17.9
10.700000000000001
15.0
11.399999999999999
15.1
18.9
16.9
16.9
17.6
16.9
16.9
15.9
16.9
17.9
18.9
18.9
15.9
16.8
13.8
16.9
16.9
10.700000000000001
13.9
18.9
17.9
13.9
18.9
17.9
11.700000000000001
15.9
16.9
13.9
15.9
18.9
13.9
13.5
17.9
17.9
16.9
15.9
13.9
13.9
16.9
16.9
15.9
13.400000000000002
10.8
4.3000000000000025
14.9
11.9
11.8
16.9
9.8
17.9
11.9
18.9
5.800000000000001
11.9
7.800000000000001
2.8999999999999986
18.9
7.9
11.9
13.9
14.9
15.9
14.9
14.9
8.9
12.9
13.9
17.9
10.9
14.9
16.9
15.9
15.9
13.9
11.9
11.9
12.9
15.9
13.9
15.9
15.9
17.9
17.9
15.9
10.9
16.9
14.9
16.9
17.9
16.9
8.9
17.9
16.9
18.9
18.9
17.9
16.9
15.9
11.9
17.9
17.9
17.9
17.9
17.9
13.9
12.9
18.9
16.9
15.6
17.9
17.9
15.9
18.9
17.9
13.9
18.9
15.9
17.9
15.6
18.9
13.8
12.600000000000001
15.9
17.9
16.9
15.8
17.9
15.8
17.9
16
16
14
17
4.0000000000000036
16
8
11.9
16
16
18
13.8
18
16
18
3.8000000000000007
-2
16
16
17
16
17
15
16
9.8
17
17
15
7.800000000000001
8.700000000000001
13
12.8
18
16
14
15
18
18
11
18
12
17
17.9
17
17.9
16
16.9
14
16.9
16.9
18
16
16
14.9
17.9
15
16.9
18
16
15.9
18
17.9
17.9
16
7
15
13.9
15
11.8
11.8
16
17
14.9
17
13.9
17
16
16
18
14.7
17
16.8
16
15.8
16
16
16
18
11.600000000000001
13.9
18
15
16.8
18
17.9
16
15.7
13.400000000000002
11.600000000000001
17
16
17
17.9
16
15.6
11
10.700000000000003
17
14.7
14.9
15.9
14.9
14.7
15
11.5
16.9
16.4
16.9
16
18
