4
11
8.700000000000001
-13
-9.100000000000037
0.09999999999999076
14
-5.700000000000003
13
16
9
13.100000000000003
-2
2
7.3000000000000025
0
-18.300000000000075
6.300000000000006
17
8.7
15.2
16
7.700000000000001
2
-12.300000000000047
-5.900000000000009
14
16
2.6000000000000014
-4.300000000000004
7.700000000000001
12
15
5.800000000000001
13.899999999999999
9.8
13.900000000000004
15
15
11.700000000000001
-0.3000000000000185
6.199999999999999
16
-2.6000000000000227
4
5.000000000000007
13.100000000000001
-11.200000000000003
12
14
9.500000000000002
5.6000000000000085
12.800000000000002
17.6
15.6
14.6
14.8
13.8
16.7
13.700000000000001
13.600000000000005
15.600000000000001
15.7
17.4
9.900000000000002
15.7
14.8
9.000000000000007
11.800000000000002
16.6
11.100000000000005
11.300000000000002
14.899999999999999
13.300000000000002
11.000000000000004
15.9
12.5
14.5
17
16.9
17.8
10.800000000000004
9.100000000000005
0.8000000000000007
-3.4999999999999964
11.200000000000003
8.100000000000007
15.600000000000001
13.700000000000001
16.9
11.000000000000002
14.600000000000001
13.399999999999999
1.000000000000007
15.8
6.700000000000003
13.200000000000001
14.899999999999999
15.399999999999999
13.100000000000001
10.4
6.900000000000002
15.8
14.6
1.999999999999993
13.9
15.399999999999999
14.7
13.5
11.400000000000006
15.399999999999999
-2.500000000000007
16.5
13
11.400000000000002
8.8
14
16.8
17.8
14
12.600000000000001
12.600000000000001
11.9
17.8
9.8
12.8
16
15.8
12.8
15.8
9.9
13.8
17.8
16.9
15.9
17.8
14.8
16.9
8.500000000000002
15.600000000000001
16
16.9
17.6
1.7000000000000028
16.9
16.8
16
14.8
15.9
14.700000000000001
14
16.8
9.8
16
17
15.7
16
15.9
16.8
15.8
11.500000000000002
9.8
13.9
6.800000000000001
13.600000000000001
10.5
9.6
15.8
16.7
15.9
8.9
13.8
15.9
8.8
16
15.7
7.800000000000001
12.5
11.600000000000001
16.9
10.300000000000002
16
16
11.300000000000002
15.6
15.8
4.9
10.9
17.8
16
-8.100000000000001
15.9
16.9
15.9
17
16.8
11.9
6.800000000000001
1.8999999999999986
16.9
13.9
1.5999999999999943
15.9
11.9
15.8
15.8
13.700000000000001
11.8
11.8
5.9
15.9
9.9
16.9
11.8
16
16
16.8
12.8
15.7
6.9
16.9
15.6
10.7
17.8
15.9
10.7
9
15.8
11.9
17
16.9
15.9
16.8
17.8
14
10.9
10.8
15.9
1.8000000000000007
15
12.8
14.8
16.9
16
9.700000000000001
15.9
4.699999999999999
16.8
15
15.8
16.8
14.8
17
15.9
9.8
17
14.8
15.8
7.800000000000001
5.9
16
7.9
16
13.8
9.8
11.9
16.8
15.9
6.9
15.9
16.8
14
9.8
15.8
11.8
13.8
13.9
14
13.8
16.8
15.9
9.8
3.8000000000000007
4.500000000000002
17
15
15.8
17
14
16
16.9
12.8
15
14
12
17.8
15.9
16
15.9
11.700000000000001
7.800000000000001
16.9
14
15.8
16.8
12.700000000000001
17
9.9
16.8
14
15
11.8
16
16.9
13.700000000000001
15.9
15.8
9.700000000000001
15.9
17
12.8
15.9
-8.5
17
-0.20000000000000284
11.8
15.9
11.700000000000001
16.9
15.9
15.9
13.9
14
12.8
15.6
16.9
14
15.9
15.9
15.9
16.9
11.8
9.700000000000001
15.9
13.9
11.8
13.8
6.800000000000001
15.9
15.399999999999999
14.7
16.9
13
13.600000000000001
16
15.9
12.9
15.8
16.8
9.8
13.9
16.8
16.8
13.8
13.6
16.8
15.6
17.6
15.7
14.299999999999999
17.4
17.6
12.6
8.5
17.8
14.4
6.9
17.6
13
12.9
15.8
15.200000000000001
13.8
10.7
17.8
15.8
14.5
16
15.6
17.8
17
17.8
17.8
17
14.299999999999999
13.6
17.4
17.8
7.800000000000001
15.8
17.8
10.200000000000001
8.1
17.0
17.8
12.5
11
17.8
15.6
14.599999999999998
14.299999999999999
14.5
15.000000000000002
16.4
13
15.399999999999999
16.4
14.799999999999999
15.399999999999999
9.30000000000001
14.2
16.6
17.6
15.8
15.200000000000001
17.8
14.7
16.5
12.600000000000001
17.2
17.4
16.099999999999998
15.8
16.5
17.2
14
17
15.8
15.6
16
16.6
13
16.8
8.700000000000001
17.0
12.7
-15.200000000000003
15.999999999999998
13.399999999999999
17.6
17.8
15.6
15
12
17.6
11
17.0
12.9
17.8
15.8
17.8
17.6
15.8
17.6
14
3.1999999999999993
16.8
17.6
13.8
14
8.8
15
8.2
13
4
13
3.8000000000000007
13.8
10.399999999999999
16.8
14
14
14
14
15
13.4
15.8
13.399999999999999
16.599999999999998
16
11.399999999999999
14.8
15.8
14.799999999999999
12
13.2
15.8
16
13.2
17.8
16.4
17.8
15
15.399999999999999
16
17.6
3.3999999999999986
16.8
12.7
16
17.6
16.7
16.6
15.600000000000001
13.399999999999999
15
13.8
7.4
15
15.8
15
15.2
10
16.8
17.2
15
15.299999999999999
15.399999999999999
15
13.600000000000001
11.600000000000001
15.2
16.7
15.8
15.8
15
10.8
17.2
12.5
14
17.0
14
14
14
13.600000000000001
15.8
15.6
9.399999999999999
15
12
14.5
15
9.299999999999999
16
16.7
15.6
16
15
16
17.8
16
16.0
15.8
17.2
15.6
16.6
16
13.100000000000001
15
12
16.799999999999997
13.900000000000002
16.6
17.6
15.399999999999999
11
15.299999999999999
10.700000000000005
17.2
12.299999999999999
13
15
7.700000000000003
16.5
13.0
15
7
17.8
16
10
8.8
15.399999999999999
14.600000000000001
14
15.7
13.400000000000002
9.3
16
4
11.200000000000003
17.8
14
14
13.200000000000001
16.8
17.4
13.2
15.8
10.600000000000001
17.2
12
2
6
14.000000000000004
15.8
17.2
17.4
17.8
6.5
15.600000000000001
15.6
17.8
13.7
17.8
2
15.0
12
15.600000000000001
12
12
15.6
9.900000000000002
15.600000000000001
16.0
17.8
13.4
17.2
16
10
13
17.8
17.8
-3
13.900000000000002
16.6
15.8
16
15.8
17.8
16.4
15.6
10.600000000000003
16
16.8
15.600000000000001
15.8
15.399999999999999
16.8
16.6
16
12.400000000000002
15.8
14.5
16
12.7
17.8
10.7
6.9
14.7
12
13.9
16.7
13.9
9.7
16.7
14
15
16.9
15
15.9
16.8
14.700000000000001
8
8.4
13.100000000000001
11.300000000000002
6
7.100000000000001
13.9
12.9
14.700000000000001
15.400000000000002
14
16.9
9.100000000000003
11.600000000000001
16
13.8
16
16
16
14
16.9
11.9
13.8
14
13.9
14.7
16.7
16.9
13.8
14.7
16.7
5.9
16
4.9
16
16.8
14
15
15
16.8
16.9
14.9
16.9
5.200000000000003
9.8
16.6
8.3
14
14
15.9
16
16.3
14.5
14
5.9
13.9
6.9
6.800000000000001
16.8
13.399999999999999
16.9
16.7
16.9
15.8
14.7
15.7
12.700000000000001
4.9
14.7
14.8
13.9
14.9
13.700000000000001
15.7
9.700000000000001
13.8
14.8
2.200000000000003
15.9
10.8
7.300000000000001
15.6
14.9
16.7
16.8
12.9
10.700000000000001
16.9
16.5
10.700000000000001
12.7
14.7
10.7
11.8
16.099999999999998
16.7
10.300000000000002
15.9
16.9
3.0000000000000036
7.6
10.9
10.5
12.5
15.9
7.500000000000002
17.2
13.9
16.9
15.9
15.9
15.8
15.4
8.200000000000003
14.899999999999999
9.9
17.8
9.9
11.7
14.5
13.9
11.8
14.7
17.8
15.8
16.7
7.600000000000001
14.9
13.8
15.5
15.8
14.7
15.399999999999999
13.700000000000001
15.6
16.3
12.000000000000002
6.700000000000006
16.4
14.1
15.8
7.900000000000009
14.5
13.800000000000002
13.700000000000001
16.7
11.100000000000003
16.7
13.8
14.5
14.3
16.3
11.200000000000006
9.000000000000009
14.600000000000001
15.899999999999999
16.5
11.000000000000002
14.1
8.900000000000011
12.100000000000001
15.0
1.4000000000000092
6.1
13.600000000000001
16.9
14.6
14.5
13.7
11.200000000000003
15.8
13.0
14.400000000000004
11.600000000000003
16.0
15.799999999999999
16.799999999999997
15.6
8.9
16.6
13.999999999999998
15.2
16.2
14.6
12.8
12.6
12.8
16.8
13.2
13.8
10.2
13.0
11.399999999999999
12.2
15.6
15.8
7.6
15.6
15.8
14.399999999999999
15.8
13.8
17.6
14
16
17.0
16
13.8
16.6
15.8
13.8
15.8
12.2
11.8
13.6
17.6
13
17.6
15.8
13.8
13.8
16.0
15.8
15.8
9.700000000000001
15.2
9.9
14.399999999999999
16.6
16.4
17.8
16
13
11.8
13.8
10.8
8.8
12.7
13.7
17.6
12.600000000000001
17.8
16
16
14
12
8.800000000000002
16.4
11.4
13.8
13.0
12.399999999999999
16.8
12.8
15.6
11.4
15.8
16
13.8
15
14.8
14
11
14
16.7
15
8.8
14.399999999999999
16.8
11.700000000000001
13.7
14
14.8
12.7
10.600000000000001
15.7
16.8
15.7
12.8
11
16
7.800000000000001
11.8
13.8
14.8
13
15
16
15.8
10.200000000000006
10.7
14
15.6
16
16
15.6
12.5
16
14
16
8
7.600000000000001
7.9
15
16.9
16.9
12.8
15.9
12
9.9
13.8
12.8
17.8
3.6000000000000014
15.9
16
16
16
